2851.125 
30 
312 
72 
2219006624 
59049 
81 
8**5 
998765-5 
(9+3)/2 
 
 
 
 
 
 
 
 
 
3 
33 
667*2 
777+7 
99/9 
99*6 
 
6*3 
6*3 
6/5 
45/5 
-0.26237485370392877 
 
 
-6.799711455220379 
88/8 
99*2 
9*6 
330 
38719999999999999999999999999999999999999999999999999999999956 
37 
40 
7.333333333333333 
0.9397291150883285 
0.9397291150883286 
1.3684560290261356 
16.11809525095824 
16.11809525095825 
16.11809525095825 
2.779942569486437 
88888 
88888 
8888855 
8888855555 
6669 
169 
157 
6003239927701302001 
16.5 
133 
778968 
60 
 
79 
 
 
 
 
 
100 
100 
100 
100 
100 
100 
100 
100 
100 
89 
45 
45 
455 
455 
3 
4 
4339 
error 
8 
20 
20 
101 
55 
0.022126756261955736 
1.8 
 
 
6.283185307179586 
6.283185307179586 
43.982297150257104 
6.283185307179586 
33.333333333333336 
2 
1.6666666666666667 
error 
2 
225 
4.0 
14 
16 
15 
58 
1.3333333333333333 
0.00102880658436214 
11.0 
4.0 
